00000080
00000372
00000113
00000126
00000501
00000497
00001002
00000564
00001028
00000439
00000202
00000980
00000825
00000849
00000762
00000895
00000480
00001015
00000211
00000799
00000326
00000284
00000850
00000871
00000234
00000357
00000620
00000174
00000362
00000552
00000134
00001013
00000477
00000210
00000424
00000459
00000983
00000328
00000312
00000286
00000886
00000100
00000999
00000345
00000431
00001044
00000033
00000001
00000148
00000559
00000177
00000255
00000059
00000206
00000377
00000122
00000645
00000894
00000153
00000990
00000808
00000089
00000105
00000719
00000915
00000593
00000469
00000239
00000847
00000754
00000770
00000760
00000277
00000854
00000637
00000716
00000394
00000872
00000067
00000508
00000466
00000756
00000156
00000843
00000868
00000514
00000518
00000047
00000558
00000340
00000557
00000691
00000764
00000011
00000783
00000217
00000121
00000273
00000307
00000015
00000566
00000412
00000733
00000138
00000748
00000005
00000743
00000496
00000651
00000479
00000629
00000739
00000937
00000924
00000624
00000553
00000106
00000591
00000397
00000650
00000510
00000072
00000346
00000189
00000973
00000425
00000536
00000468
00000642
00000186
00000387
00000892
00000704
00000230
00000919
00000173
00000695
00000351
00000562
00000792
00000457
00000640
00000099
00000685
00000603
00000790
00000082
00000414
00000069
00000254
00000224
00000930
00000673
00000971
00000181
00000101
00000159
00000087
00000721
00000912
00001035
00000666
00000592
00000723
00001032
00000966
00000731
00000049
00000438
00000124
00000725
00000773
00000462
00000116
00000092
00000322
00000814
00000171
00000487
00000525
00000889
00000681
00000940
00001027
00000786
00000063
00000818
00000951
00000899
00000262
00000844
00000913
00000657
00000690
00000677
00000267
00000366
00000321
00000280
00000472
00000931
00000769
00000096
00000050
00000772
00000007
00000824
00000367
00000233
00000070
00000757
00000608
00000095
00000437
00000765
00000155
00000329
00000035
00000567
00000788
00001043
00000928
00000256
00000746
00000659
00000117
00000927
00000039
00000738
00000909
00000166
00001005
00000671
00000342
00000245
00001000
00000102
00000421
00000269
00000524
00001014
00000742
00000954
00000615
00000008
00000226
00000369
00000619
00000634
00000058
00000219
00000294
00000016
00000823
00000981
00000625
00000914
00000418
00000207
00000428
00001023
00001019
00000335
00000782
00000017
00000944
00000486
00000338
00000473
00000726
00001007
00000194
00000040
00000204
00000616
00000068
00000517
00000505
00000447
00000976
00000577
00000683
00000409
00000775
00000365
00000150
00000797
00000498
00000883
00000343
00000579
00000464
00000904
00000264
00000684
00000833
00001042
00000972
00000627
00000371
00000910
00000939
00000580
00000064
00000869
00000038
00000257
00000523
00000191
00000628
00000736
00000732
00000809
00001037
00000571
00000182
00000304
00000500
00000031
00000495
00000800
00000055
00000198
00000491
00000600
00000741
00000661
00000306
00000597
00000172
00000041
00000802
00000215
00000158
00000519
00000323
00000002
00000880
00000633
00000658
00000646
00001021
00000614
00000953
00000028
00001011
00001022
00000584
00000244
00000708
00000178
00000604
00000712
00000987
00000433
00000750
00000074
00000253
00000978
00000401
00000136
00000610
00000551
00000950
00000358
00000489
00000865
00000693
00000920
00000303
00000679
00000170
00000490
00000123
00000816
00000287
00000024
00000317
00000707
00000336
00000283
00000830
00000713
00000851
00000821
00000961
00001006
00000606
00001031
00000504
00000251
00000240
00000776
00000856
00000065
00000735
00000781
00000458
00000527
00000977
00000144
00000110
00000533
00000339
00001034
00000870
00000791
00000921
00000902
00000789
00000958
00000247
00000893
00000898
00000090
00000766
00000993
00000506
00000320
00000440
00001052
00000108
00000243
00000996
00000406
00000555
00000319
00000703
00000454
00000084
00000114
00001026
00000778
00000083
00000638
00000118
00000213
00000043
00000874
00000492
00000290
00000601
00000560
00000308
00000815
00000806
00000613
00000389
00001009
00000143
00000094
00000509
00000925
00000235
00000669
00000728
00000386
00000570
00000363
00000694
00000572
00000798
00000416
00000711
00000361
00000417
00000034
00000402
00000602
00000699
00000112
00000641
00000727
00000670
00000891
00000522
00000076
00000281
00000444
00000538
00000146
00000946
00001039
00000300
00000318
00000493
00000013
00000804
00000025
00000432
00000576
00000044
00000399
00000530
00000507
00000811
00000325
00000390
00000948
00000475
00000030
00000229
00000877
00000929
00000631
00000968
00000196
00000936
00000698
00000810
00000745
00000664
00000103
00000599
00000882
00000195
00000890
00000436
00000293
00000077
00000374
00000675
00000822
00000427
00000452
00000071
00001040
00000135
00000349
00000853
00000261
00000771
00000896
00000045
00000085
00000060
00000169
00001038
00000193
00000415
00000575
00000630
00000151
00000420
00000828
00000586
00000223
00000000
00001047
00000581
00000125
00000411
00000128
00000265
00001008
00000995
00000959
00000295
00000974
00000163
00001045
00000755
00000057
00001001
00001010
00000967
00000803
00000598
00000014
00000839
00000380
00000291
00000988
00000188
00000463
00000609
00001048
00000916
00001051
00000036
00000127
00000632
00000621
00000997
00000611
00000388
00000274
00000140
00000686
00000596
00000332
00000385
00000758
00000744
00000097
00000503
00000873
00000643
00000260
00000644
00000692
00000238
00000168
00000941
00000617
00000216
00000222
00000680
00000543
00000556
00000747
00000819
00000649
00000179
00000066
00000636
00000550
00000836
00000334
00000861
00000884
00000547
00000574
00000461
00000532
00000408
00000139
00000549
00000962
00000700
00000285
00000313
00001012
00000992
00000832
00000231
00000588
00000852
00000759
00000079
00000537
00000423
00000220
00000674
00000654
00000141
00000137
00000107
00000344
00000098
00000115
00000019
00000009
00000687
00000831
00000749
00000022
00000906
00000370
00000218
00000998
00000768
00000456
00000923
00000227
00000817
00000885
00000147
00000945
00000635
00000018
00000662
00000470
00000347
00000476
00000073
00000157
00000955
00000541
00000203
00000310
00000618
00000534
00000250
00001020
00000471
00000568
00000516
00000660
00000957
00000774
00000301
00000545
00000607
00001025
00000668
00000724
00000554
00000212
00000911
00000375
00000185
00000037
00000075
00000392
00000826
00000263
00000435
00000639
00000965
00000488
00000595
00000979
00000434
00000026
00000450
00000383
00000705
00000710
00000656
00000485
00000316
00000407
00000862
00000356
00000021
00000864
00000180
00001029
00000176
00000529
00001017
00000149
00000449
00000442
00000717
00000521
00000964
00000897
00000502
00000160
00001030
00000701
00000842
00000259
00000474
00000003
00000061
00000858
00000403
00000305
00000542
00000296
00001024
00000248
00000943
00000934
00000378
00001036
00000032
00000348
00000145
00000029
00000289
00001016
00000225
00000422
00000949
00000540
00000183
00000887
00000327
00001033
00000426
00000413
00000396
00000330
00000546
00000795
00000292
00000359
00000900
00000812
00000443
00000907
00000515
00000393
00000784
00000975
00000526
00000805
00000299
00000841
00000835
00001004
00000969
00000081
00000917
00000535
00000483
00000531
00000184
00000054
00000167
00000481
00000111
00000807
00000855
00000410
00000152
00000838
00000078
00000190
00000302
00000391
00000989
00000192
00000734
00000655
00000430
00000271
00000164
00000583
00000867
00001003
00000004
00000331
00000297
00000729
00000986
00000866
00000938
00000209
00000446
00001050
00000840
00000991
00000863
00000046
00000528
00000648
00000051